117,35
34,337
34,336
34,335
34,334
34,333
34,332
34,331
34,330
34,329
34,328
34,327
34,326
34,325
34,324
34,323
34,322
34,321
10,130
34,320
34,304
34,303
34,302
10,86
10,26
34,301
34,300
10,302
10,204
34,299
10,106
34,298
34,41
34,40
34,39
10,136
10,1
34,38
34,22
10,76
34,21
10,2
34,19
10,3
34,15
34,1
33,142
33,141
33,140
33,139
33,138
33,137
33,136
33,135
33,134
33,133
33,132
33,131
11,17
11,21
11,10
11,4
11,25
33,130
33,129
33,128
33,127
33,126
33,125
33,124
33,123
11,27
33,122
33,121
33,120
33,119
33,118
33,117
33,116
33,115
8,13
8,9
8,18
8,16
33,4
33,1
31,10
31,9
31,1
14,16
14,15
14,14
14,13
14,12
14,11
14,10
14,9
14,8
14,7
12,3
20,2
20,1
20,3
12,2
12,1
11,29
11,20
19,2
19,1
11,16
11,8
11,6
11,5
11,3
19,3
11,2
11,1
9,7
9,6
9,4
9,3
18,1
9,2
9,1
8,10
8,8
18,3
14,1
8,6
8,5
8,4
8,3
14,4
8,2
8,1
0,361
0,360
0,359
0,358
0,356
0,355
14,3
13,1
0,354
0,352
0,351
0,349
0,348
0,346
0,345
0,344
0,343
0,342
0,340
0,339
13,3
0,338
0,337
0,335
0,332
0,330
0,328
0,327
0,326
